     0/249     4.15G   0.09681   0.06262   0.02727    0.1867        71       416         0         0  0.006068  0.001354   0.06426   0.04336   0.02266
     1/249     4.16G   0.08102   0.06793   0.02617    0.1751        69       416         0         0  0.006235   0.00129   0.06179   0.04299   0.02133
     2/249     4.16G   0.07894   0.06991   0.02598    0.1748        65       416         0         0  0.006978  0.001587   0.06133   0.04307   0.02086
     3/249     4.16G   0.07794   0.06694   0.02529    0.1702        78       416         0         0   0.01188  0.002245   0.06144   0.04266   0.02048
     4/249     4.16G   0.07915   0.06604   0.02482      0.17        81       416         0         0   0.01201  0.002505   0.06075   0.04272   0.02015
     5/249     4.16G   0.07801   0.06765   0.02463    0.1703        71       416         0         0   0.01109  0.002428   0.06085   0.04251   0.01983
     6/249     4.16G   0.07639   0.06975   0.02479    0.1709        78       416         0         0   0.02055  0.004153   0.06099   0.04258   0.01952
     7/249     4.16G   0.07646   0.06712   0.02449    0.1681        67       416       0.5  0.007463   0.02706  0.006411   0.06007   0.04262   0.01933
     8/249     4.16G   0.07634   0.06841   0.02427     0.169        55       416         0         0   0.01889  0.003779   0.05968   0.04241   0.01903
     9/249     4.16G   0.07534   0.07002   0.02468      0.17        76       416         0         0   0.02027  0.004067   0.05927   0.04223   0.01899
    10/249     4.16G   0.07441   0.06706   0.02436    0.1658        63       416         0         0   0.01963  0.003947   0.06029   0.04172   0.01868
    11/249     4.16G   0.07425   0.06658   0.02378    0.1646        56       416         0         0   0.01765  0.002784   0.06327   0.04219   0.01807
    12/249     4.16G   0.07244   0.06633   0.02311    0.1619        62       416         0         0   0.02566  0.005667   0.06113   0.04234   0.01755
    13/249     4.16G   0.07072   0.06515   0.02313     0.159        73       416   0.07128   0.09091   0.03909  0.006414   0.06358   0.04397   0.01658
    14/249     4.16G   0.06917   0.06557   0.02228     0.157        76       416   0.03503    0.1591   0.03806  0.006159   0.06098   0.05319   0.01608
    15/249     4.16G   0.06735   0.06367   0.02161    0.1526        69       416   0.02581     0.182   0.03731  0.007862   0.06467   0.04462   0.01518
    16/249     4.16G   0.06429   0.06826   0.02063    0.1532        77       416   0.02047    0.2614   0.06989   0.01619   0.05624   0.05298   0.01356
    17/249     4.16G   0.06169   0.06669   0.01962     0.148        72       416   0.06509     0.195   0.07702   0.01478   0.05961   0.04349    0.0126
    18/249     4.16G   0.06072   0.06689   0.01803    0.1456        74       416    0.0265    0.3182    0.1126   0.02493   0.05835   0.04434   0.01017
    19/249     4.16G    0.0584   0.06617    0.0165    0.1411        90       416   0.03146    0.3864    0.1484   0.03343   0.05579   0.04102  0.009766
    20/249     4.16G   0.05836    0.0656   0.01589    0.1399        77       416   0.04036    0.3011    0.1791   0.04364   0.05352   0.04315  0.006136
    21/249     4.16G   0.05593   0.06331   0.01467    0.1339        65       416   0.06267    0.1993   0.07637   0.01155   0.05927   0.04974   0.01774
    22/249     4.16G   0.05578   0.06339   0.01406    0.1332        90       416   0.07796    0.1041    0.0791   0.02254   0.05476   0.04214   0.01585
    23/249     4.16G   0.05619   0.06448   0.01382    0.1345        79       416    0.2782    0.3842    0.2832   0.08499    0.0551   0.03526  0.005986
    24/249     4.16G   0.05352    0.0616   0.01342    0.1285        69       416    0.1445    0.4585    0.2519   0.07202   0.05346   0.03852  0.005426
    25/249     4.16G   0.05551   0.06128   0.01293    0.1297        85       416    0.1419    0.3871    0.1782   0.05327   0.05451    0.0377  0.004912
    26/249     4.16G   0.05372   0.06211   0.01134    0.1272        89       416    0.2094    0.6031    0.4528    0.1242   0.04841   0.03977  0.002999
    27/249     4.16G   0.05137   0.06143   0.01141    0.1242        68       416    0.1289    0.4741    0.2817    0.0788   0.05426    0.0334  0.003588
    28/249     4.16G   0.05168   0.05963   0.01164    0.1229        73       416    0.1802    0.5435    0.2433    0.0692   0.05162   0.03813  0.004725
    29/249     4.16G   0.05146   0.06048   0.01087    0.1228        77       416    0.2054    0.4667    0.3554    0.1464   0.04596   0.03396  0.003824
    30/249     4.16G   0.04973   0.05952   0.01009    0.1193        83       416     0.118    0.5452    0.3689    0.1151   0.05173   0.03589  0.004757
    31/249     4.16G   0.05013   0.05769  0.009673    0.1175        85       416    0.2017    0.5041    0.3525   0.09209   0.05498   0.03367  0.006447
    32/249     4.16G   0.04885   0.05973  0.009687    0.1183        63       416    0.2067    0.5921     0.449    0.1456   0.04607   0.03039  0.002706
    33/249     4.16G   0.04978   0.05702  0.009632    0.1164        77       416    0.3127    0.5865    0.3591    0.1154    0.0514   0.03441  0.005201
    34/249     4.16G   0.04917   0.05682  0.009377    0.1154        71       416    0.3016    0.6649    0.5778    0.2185    0.0429   0.03035  0.001905
    35/249     4.16G   0.04765   0.05587  0.008902    0.1124        79       416    0.1699    0.8184    0.5976    0.2283   0.04212   0.03491  0.002111
    36/249     4.16G   0.04762   0.05519   0.00844    0.1112        84       416     0.214    0.5253    0.4084    0.1335   0.04678   0.03489  0.004199
    37/249     4.16G   0.04759   0.05577  0.008081    0.1114        66       416    0.3394    0.4601    0.4184    0.1521   0.04405   0.03304   0.00542
    38/249     4.16G   0.04695   0.05633  0.008095    0.1114        81       416    0.2278    0.6443    0.4524    0.1623   0.04465   0.03236  0.002694
    39/249     4.16G   0.04585   0.05513  0.008008     0.109        75       416    0.2583     0.699    0.6045    0.2068    0.0414   0.03007   0.00215
    40/249     4.16G   0.04537   0.05396  0.006887    0.1062        82       416     0.328    0.7097    0.5947    0.2104   0.04248   0.02736  0.001527
    41/249     4.16G   0.04508    0.0533  0.007148    0.1055        68       416    0.1141    0.6721    0.2979   0.07619   0.04893   0.04283  0.002902
    42/249     4.16G   0.04602   0.05454  0.007846    0.1084        84       416    0.2424    0.6241    0.4982    0.2041   0.04311   0.02838  0.001704
    43/249     4.16G   0.04333   0.05245  0.006914    0.1027        75       416    0.3044    0.6113    0.4572    0.1255   0.05019   0.02704  0.002164
    44/249     4.16G   0.04406   0.05305  0.007283    0.1044        94       416    0.1378    0.9041    0.5669    0.2532   0.04461   0.04503  0.002395
    45/249     4.16G   0.04271    0.0532  0.006582    0.1025        68       416    0.2677    0.8796    0.6072     0.248   0.04732   0.03485  0.005887
    46/249     4.16G   0.04291   0.05312  0.006711    0.1027        70       416    0.3662    0.7701    0.6801    0.2912   0.03971   0.02891   0.00104
    47/249     4.16G   0.04245   0.05105  0.006346   0.09985        70       416    0.2145    0.8163     0.667    0.2084   0.04516   0.03108  0.001613
    48/249     4.16G   0.04234   0.05215  0.005791    0.1003        74       416    0.2577    0.7136    0.6062    0.2436   0.04328   0.03317   0.00317
    49/249     4.16G   0.04227   0.04969  0.005547   0.09751        83       416    0.2804    0.7978    0.6707    0.2642   0.03683    0.0319  0.001244
    50/249     4.16G   0.04101   0.05043  0.006326   0.09776        90       416    0.3502     0.839    0.7415    0.2941   0.03792   0.02791  0.000901
    51/249     4.16G   0.04032    0.0505  0.006052   0.09688        77       416    0.3928    0.7754    0.7091    0.2996   0.04111   0.02523 0.0008804
    52/249     4.16G   0.04022   0.04934  0.005399   0.09495        71       416    0.4342    0.7101    0.6379    0.2368   0.04191    0.0242  0.001067
    53/249     4.16G   0.03977   0.04927  0.005182   0.09422        69       416    0.4022    0.8369    0.7409    0.2944   0.04112   0.02632 0.0008196
    54/249     4.16G   0.03958   0.04983   0.00604   0.09545        83       416    0.4881    0.8125    0.7749    0.3421   0.03891   0.02411 0.0009862
    55/249     4.16G   0.03946   0.04809  0.006074   0.09362        67       416    0.4848    0.7513    0.6789    0.3092   0.03869   0.02611  0.001224
    56/249     4.16G   0.03984   0.04844  0.005486   0.09377        86       416    0.4902    0.7453    0.7036    0.2752   0.04536   0.02618  0.001048
    57/249     4.16G   0.03874   0.04762  0.005312   0.09168        69       416    0.4075    0.7285     0.675    0.3306   0.03719   0.02899  0.001577
    58/249     4.16G   0.03898   0.04688  0.005345   0.09121        68       416    0.4868    0.8593    0.7611    0.3414   0.03899    0.0252  0.001139
    59/249     4.16G   0.03722   0.04687  0.004737   0.08883        75       416     0.578    0.8874    0.8642    0.3814   0.03561   0.02284 0.0007938
    60/249     4.16G   0.03664   0.04658   0.00522   0.08843        66       416    0.3364    0.7495    0.6626    0.2532   0.04517    0.0261  0.001006
    61/249     4.16G   0.03719   0.04791   0.00507   0.09018        89       416    0.6431     0.854    0.8268    0.3891   0.03657    0.0225 0.0005913
    62/249     4.16G   0.03779   0.04642  0.004571   0.08878        75       416    0.5497    0.8483    0.7865    0.3257   0.04096   0.02246 0.0005776
    63/249     4.16G   0.03687   0.04518  0.005028   0.08708        81       416    0.5728    0.7829    0.7927    0.3277   0.03478   0.02593  0.001794
    64/249     4.16G   0.03694   0.04551  0.005658   0.08811        68       416    0.5869    0.7597    0.7358    0.3078   0.03927   0.02298  0.001219
    65/249     4.16G   0.03579   0.04656  0.004974   0.08733        86       416    0.5951    0.7381    0.6997     0.291   0.03956   0.02236 0.0004946
    66/249     4.16G   0.03616   0.04677   0.00404   0.08697        85       416    0.6848    0.7868     0.813    0.3682   0.03661    0.0228  0.001038
    67/249     4.16G   0.03737   0.04543  0.004177   0.08698        71       416    0.5719    0.8952    0.8403    0.3823   0.03518   0.02182  0.001154
    68/249     4.16G   0.03501    0.0441  0.004586   0.08369        72       416    0.6307      0.85     0.849    0.3685   0.03781   0.02188 0.0007501
    69/249     4.16G   0.03582   0.04405  0.004354   0.08422        64       416    0.4962    0.7921     0.759    0.2624   0.04337   0.02311  0.001309
    70/249     4.16G   0.03659   0.04474  0.004508   0.08584        82       416    0.5856    0.7531    0.7168     0.294   0.03908   0.02282  0.001297
    71/249     4.16G   0.03524   0.04289  0.003843   0.08197        72       416    0.6691    0.8504    0.8526    0.4049   0.03791    0.0209  0.001925
    72/249     4.16G   0.03486   0.04197  0.004389   0.08122        81       416    0.6459    0.9176    0.9113    0.4384   0.03246   0.02324 0.0008298
    73/249     4.16G   0.03471   0.04324  0.004137   0.08208        99       416    0.5299    0.9009    0.8947    0.4743   0.03074   0.02241  0.000466
    74/249     4.16G   0.03447   0.04334  0.004156   0.08196        81       416    0.6018    0.9204    0.9007    0.4057     0.035   0.02225 0.0005711
    75/249     4.16G   0.03443   0.04254  0.003927   0.08089        76       416    0.6085     0.785     0.814     0.383   0.03672   0.02279   0.00112
    76/249     4.16G   0.03429    0.0435  0.003641   0.08144        75       416    0.5735    0.8671    0.8565    0.3871   0.03864    0.0223  0.000618
    77/249     4.16G   0.03405   0.04284  0.003682   0.08057        70       416    0.6188    0.7978    0.7575    0.3038   0.04009   0.02368  0.001715
    78/249     4.16G   0.03472   0.04164  0.004229   0.08058        72       416    0.5162    0.8465    0.8303    0.3753   0.03869   0.02259  0.001193
    79/249     4.16G   0.03333   0.04399  0.004142   0.08147        80       416    0.5209     0.925    0.8979    0.4422   0.03338   0.02255 0.0006593
    80/249     4.16G   0.03304   0.04253  0.003623   0.07919        89       416    0.5757     0.854    0.8114    0.3372   0.03952   0.02209  0.001131
    81/249     4.16G    0.0338   0.04149  0.003903   0.07919        67       416    0.6022    0.9268    0.9055    0.4138   0.03739   0.02181  0.001958
    82/249     4.16G   0.03293   0.04255  0.004238   0.07972        79       416      0.52    0.9211     0.853    0.3826   0.03713   0.02225 0.0004746
    83/249     4.16G   0.03299   0.04201   0.00356   0.07857        77       416    0.4525     0.897    0.8409    0.3779   0.03511    0.0232 0.0005481
    84/249     4.16G   0.03267   0.04018  0.003769   0.07662        73       416    0.5457    0.7776    0.7619    0.3382   0.03753   0.02125 0.0007868
    85/249     4.16G   0.03358   0.04089  0.004227   0.07869        79       416    0.6909    0.9044    0.8798    0.4544   0.03306   0.02052 0.0009945
    86/249     4.16G   0.03295   0.04154  0.003626   0.07812        73       416     0.698    0.8877    0.9115    0.4419   0.03575   0.02203  0.000656
    87/249     4.16G   0.03277   0.04052  0.003164   0.07645        62       416    0.6658    0.7209    0.7162    0.3123   0.04198   0.02184 0.0008724
    88/249     4.16G   0.03346   0.03999  0.003782   0.07723        68       416    0.6143    0.8522    0.7988    0.3516   0.03835   0.02168  0.001014
    89/249     4.16G   0.03168   0.04136  0.003616   0.07666        75       416    0.7117    0.9026    0.9099    0.4158   0.03625   0.02122 0.0009212
    90/249     4.16G   0.03194   0.03985  0.003156   0.07494        78       416    0.5973    0.9044    0.8858    0.3885   0.03678   0.02112 0.0005136
    91/249     4.16G   0.03293   0.04023  0.004246    0.0774        75       416    0.7019    0.8671    0.8756    0.4023   0.03551   0.02135 0.0006894
    92/249     4.16G   0.03253   0.04037  0.003427   0.07632        72       416    0.7123    0.9194    0.9197    0.4654   0.03171   0.01957  0.001561
    93/249     4.16G   0.03194   0.03994  0.002994   0.07487        81       416    0.7277    0.8895      0.88    0.3915   0.03753   0.02037 0.0004924
    94/249     4.16G   0.03146   0.03999  0.003215   0.07467        64       416    0.5734     0.897    0.8711    0.4258   0.03533   0.02037 0.0006228
    95/249     4.16G   0.03137   0.04005  0.003631   0.07505        80       416    0.7238    0.8792    0.8767    0.4127   0.03525   0.02079  0.001448
    96/249     4.16G   0.03174   0.04021    0.0033   0.07525        72       416    0.6305    0.9229      0.91    0.4208   0.03487   0.02305 0.0008025
    97/249     4.16G   0.03027   0.03876  0.002958   0.07199        65       416    0.7286    0.9044    0.9083    0.3744   0.03553   0.01984 0.0005263
    98/249     4.16G   0.03193   0.03855  0.003279   0.07376        80       416    0.6453    0.8522    0.8468    0.4084   0.03533    0.0205 0.0006691
    99/249     4.16G    0.0315   0.04061  0.003145   0.07526        83       416    0.6901    0.8803    0.8551    0.3664   0.03875   0.02133  0.001183
   100/249     4.16G   0.03113   0.03951  0.003398   0.07404        88       416    0.6907    0.9194    0.9235    0.4536   0.03424   0.02097  0.000823
   101/249     4.16G   0.03066    0.0393  0.002854   0.07282        84       416    0.6303    0.9176    0.9125    0.4255   0.03459   0.02012 0.0003117
   102/249     4.16G    0.0305   0.03863  0.003083   0.07221        87       416    0.7134    0.9307    0.9455     0.473   0.03457   0.02007 0.0002984
   103/249     4.16G   0.03121   0.03815  0.003199   0.07256        70       416    0.6029    0.9158    0.9073    0.4735   0.03407   0.02113 0.0003956
   104/249     4.16G   0.02989   0.03777  0.003137    0.0708        78       416    0.6929    0.8587    0.8843    0.4188   0.03495   0.02178 0.0006646
   105/249     4.16G    0.0303   0.03834  0.002989   0.07162        67       416    0.7587    0.8952    0.9056    0.4708   0.03348   0.02075 0.0006433
   106/249     4.16G   0.03057   0.03759  0.002787   0.07095        78       416    0.6179    0.9026    0.8945    0.4379   0.03406   0.02011 0.0003593
   107/249     4.16G   0.03029   0.03678  0.002556   0.06963        73       416    0.6453      0.94    0.9232    0.4619   0.03387   0.02057  0.000344
   108/249     4.16G   0.03022    0.0379  0.003643   0.07176        71       416     0.663     0.893    0.8722    0.3939   0.03678   0.02116 0.0004907
   109/249     4.16G   0.03132   0.03811  0.003391   0.07282        64       416    0.6345    0.9531    0.9553    0.4785   0.03134   0.02047 0.0002557
   110/249     4.16G   0.02966   0.03788  0.002898   0.07044        69       416    0.8142    0.9588    0.9627    0.5163   0.02895   0.02136 0.0002644
   111/249     4.16G   0.03011   0.03867  0.003202   0.07198        62       416    0.6912    0.9456     0.944    0.4925   0.03117   0.02051 0.0003892
   112/249     4.16G   0.02943    0.0367  0.003589   0.06972        66       416    0.6252    0.9698    0.9463    0.5292   0.02815   0.02377 0.0003303
   113/249     4.16G   0.03037   0.03788  0.003222   0.07146        80       416    0.6162    0.9413    0.9135    0.4273   0.03438   0.02048 0.0006539
   114/249     4.16G   0.02992   0.03739  0.002664   0.06997        68       416    0.6309    0.8746    0.8534    0.4215   0.03662   0.02109 0.0002613
   115/249     4.16G   0.02982   0.03732  0.002962   0.07011        83       416    0.7467    0.9083    0.9042    0.4703   0.03208   0.02003 0.0003817
   116/249     4.16G   0.02927   0.03581  0.002624   0.06771        79       416     0.785    0.9417    0.9373    0.4615   0.03193   0.02046 0.0002386
   117/249     4.16G   0.02883   0.03796  0.002744   0.06953        79       416    0.6908    0.9026    0.8924    0.4645   0.03346   0.02033 0.0002716
   118/249     4.16G   0.03015   0.03674  0.002547   0.06944        72       416    0.7525    0.9474     0.957    0.5077   0.03088   0.02084 0.0002842
   119/249     4.16G   0.02851   0.03624  0.002671   0.06742        87       416     0.745    0.9531    0.9417     0.506   0.03056   0.01965 0.0001725
   120/249     4.16G   0.02837    0.0356  0.002906   0.06687        83       416    0.7867     0.897     0.918     0.441   0.03467   0.01966 0.0002595
   121/249     4.16G   0.02861   0.03603  0.002618   0.06725        64       416    0.7397    0.8682    0.8842    0.4559   0.03388   0.02223 0.0003238
   122/249     4.16G   0.02933   0.03639  0.002599   0.06832        63       416    0.6587    0.9101    0.8857    0.4236   0.03288   0.02035  0.000281
   123/249     4.16G   0.02867    0.0362  0.002672   0.06754        81       416    0.6969    0.9755    0.9639    0.4496   0.03303   0.02022 0.0002498
   124/249     4.16G   0.02824   0.03637  0.002443   0.06705        83       416    0.7505    0.9606    0.9527    0.4673   0.03266   0.02051 0.0003308
   125/249     4.16G   0.02894   0.03674  0.003286   0.06897        89       416     0.694    0.9289    0.9328    0.4575   0.03213   0.02071 0.0002548
   126/249     4.16G   0.02929   0.03563  0.003089   0.06801        84       416    0.6854    0.9513    0.9421    0.4941   0.03237   0.01921 0.0002108
   127/249     4.16G   0.02744    0.0353  0.002393   0.06513        63       416    0.7464    0.9513    0.9553    0.4718   0.03267    0.0201 0.0002138
   128/249     4.16G   0.02706   0.03554  0.002569   0.06516        73       416    0.7323    0.9439    0.9522    0.5003   0.03128   0.01907 0.0002135
   129/249     4.16G   0.02748    0.0361  0.002711   0.06629        70       416    0.8159    0.9439    0.9636    0.5321   0.02982   0.01981 0.0002346
   130/249     4.16G   0.02765   0.03413  0.002086   0.06386        74       416    0.7999    0.9549    0.9626    0.4986   0.03207   0.02075 0.0001998
   131/249     4.16G   0.02854   0.03559  0.002698   0.06683        77       416     0.734    0.9662    0.9638      0.47   0.03205    0.0198 0.0002443
   132/249     4.16G    0.0278   0.03493  0.002938   0.06567        66       416    0.6815    0.9307    0.9416    0.4684   0.03214   0.01983 0.0003904
   133/249     4.16G    0.0288   0.03484  0.002454   0.06609        78       416    0.6597    0.9662    0.9579    0.5177   0.02883   0.02048 0.0002132
   134/249     4.16G   0.02822    0.0349  0.002111   0.06523        72       416    0.7082    0.9531    0.9556    0.4917   0.03125   0.02003 0.0002845
   135/249     4.16G   0.02789   0.03411  0.003672   0.06566        56       416    0.6857    0.9588    0.9311    0.4775   0.03184   0.01982 0.0003643
   136/249     4.16G   0.02716   0.03392  0.003466   0.06454        74       416    0.7156    0.9606    0.9572    0.4926   0.03183    0.0199 0.0003733
   137/249     4.16G   0.02761   0.03508  0.002838   0.06552        81       416    0.7829     0.968     0.964    0.5677   0.02874   0.01906 0.0001799
   138/249     4.16G   0.02652    0.0341  0.001969   0.06259        72       416    0.7497    0.9549    0.9566    0.5385   0.03004   0.01913 0.0002061
   139/249     4.16G   0.02677   0.03458  0.002642     0.064        72       416    0.6635    0.9215    0.9068    0.4563   0.03351   0.01989 0.0002617
   140/249     4.16G   0.02737   0.03489  0.002575   0.06484        71       416    0.7766    0.9417    0.9567     0.509    0.0317   0.01921 0.0002498
   141/249     4.16G   0.02698   0.03421  0.002031   0.06322        82       416    0.7357    0.9439    0.9444    0.4805    0.0315   0.01954 0.0002404
   142/249     4.16G   0.02699   0.03388  0.002225    0.0631        85       416    0.7239    0.9513    0.9519    0.5357   0.02872      0.02 0.0002276
   143/249     4.16G    0.0268   0.03466  0.002492   0.06395        69       416     0.789    0.9474    0.9538    0.4866   0.03064   0.01942 0.0003178
   144/249     4.16G   0.02578   0.03314  0.002094   0.06101        55       416    0.7581    0.9737      0.97    0.5221   0.02931    0.0189  0.000135
   145/249     4.16G   0.02631   0.03457  0.001922    0.0628        87       416    0.8326    0.9812    0.9781    0.5683   0.02853   0.01831 0.0002852
   146/249     4.16G   0.02617   0.03324  0.002091    0.0615        73       416    0.7874    0.9492     0.962    0.5437   0.03002   0.01971 0.0003265
   147/249     4.16G   0.02641   0.03348  0.002425   0.06231        76       416    0.8351    0.9492    0.9569    0.4789   0.03444   0.02026 0.0005076
   148/249     4.16G   0.02671   0.03391  0.002168   0.06278        76       416    0.7355     0.916    0.9274    0.4762   0.03215   0.01934 0.0002434
   149/249     4.16G   0.02618   0.03401  0.002385   0.06257        79       416     0.746    0.9737    0.9634    0.5549   0.02913   0.01876 0.0001978
   150/249     4.16G    0.0262   0.03373  0.002239   0.06217        72       416    0.7691    0.9364    0.9482    0.4963   0.03081   0.01906 0.0001561
   151/249     4.16G   0.02593    0.0335  0.002181   0.06161        75       416    0.7373    0.9606    0.9591    0.5622   0.02796   0.01931 0.0001368
   152/249     4.16G   0.02571   0.03288  0.002201   0.06079        80       416    0.7716    0.9588    0.9611    0.5418   0.02885   0.01914 0.0004785
   153/249     4.16G   0.02607   0.03291  0.001752   0.06074        67       416    0.7427    0.9531    0.9608    0.5514   0.02912   0.01893 0.0002491
   154/249     4.16G   0.02596   0.03388  0.002448   0.06229        76       416    0.6875    0.9083    0.9031    0.4945    0.0312   0.01987 0.0002879
   155/249     4.16G   0.02574   0.03367  0.002473   0.06188        88       416    0.7975    0.9474    0.9604    0.5077     0.032   0.01973 0.0003778
   156/249     4.16G   0.02511   0.03332  0.002159   0.06059        78       416    0.7738    0.9456      0.94    0.5005   0.03008   0.01845 0.0002538
   157/249     4.16G   0.02587   0.03205   0.00219   0.06011        67       416    0.7852    0.9531    0.9606    0.5186   0.02997   0.01939  0.000322
   158/249     4.16G   0.02525   0.03192  0.002041   0.05921        70       416    0.7986    0.9588    0.9688    0.5247   0.02994   0.01841 0.0006143
   159/249     4.16G   0.02588   0.03274  0.002061   0.06068        75       416      0.71    0.9549    0.9618    0.5238   0.03005   0.01999 0.0003716
   160/249     4.16G    0.0251    0.0315  0.001927   0.05852        94       416    0.7459    0.9456    0.9443    0.4911   0.03254   0.02053 0.0002957
   161/249     4.16G    0.0257   0.03242  0.002029   0.06014        79       416     0.746    0.9289    0.9439    0.5101   0.02999   0.02031 0.0001933
   162/249     4.16G   0.02532   0.03196  0.001922    0.0592        72       416    0.7327    0.9588    0.9597     0.539    0.0286   0.01976 0.0001848
   163/249     4.16G   0.02576   0.03237  0.002129   0.06026        65       416    0.8295    0.9812    0.9776    0.5478   0.02839    0.0193 0.0001865
   164/249     4.16G   0.02514   0.03121  0.001853    0.0582        77       416    0.7595    0.9645    0.9666    0.5213   0.02893   0.01931 0.0001582
   165/249     4.16G   0.02472   0.03128  0.001701    0.0577        65       416    0.7232    0.9662    0.9639    0.5553   0.02891   0.01906 0.0002229
   166/249     4.16G   0.02488    0.0326  0.001929   0.05941        96       416    0.7655     0.957    0.9546     0.532   0.03054    0.0191 0.0003072
   167/249     4.16G   0.02514   0.03186  0.001825   0.05882        63       416    0.7616    0.9588    0.9618    0.5126   0.03171   0.01863 0.0002828
   168/249     4.16G   0.02463   0.03105  0.001758   0.05744        77       416    0.7589    0.9662    0.9704    0.5381   0.03035   0.01914 0.0001657
   169/249     4.16G   0.02453   0.03235  0.002276   0.05915        70       416    0.8104    0.9737     0.976    0.5364   0.02875   0.01902 0.0001712
   170/249     4.16G   0.02482    0.0316  0.002206   0.05863        77       416    0.7892    0.9662    0.9636    0.5484   0.02877   0.01863 0.0002529
   171/249     4.16G   0.02412   0.03181  0.002141   0.05807        80       416    0.8178    0.9474    0.9667     0.554    0.0289   0.01899 0.0001865
   172/249     4.16G   0.02389   0.03137  0.001807   0.05707        82       416    0.8085    0.9439    0.9482    0.5629   0.02937   0.01812 0.0002039
   173/249     4.16G   0.02416   0.03026  0.001778   0.05619        63       416    0.7992    0.9387    0.9404    0.5228    0.0307   0.01864 0.0001396
   174/249     4.16G   0.02468   0.03117   0.00192   0.05777        85       416    0.7768    0.9531    0.9533    0.5396   0.02918   0.01904 0.0001548
   175/249     4.16G   0.02356     0.031  0.001987   0.05655        87       416    0.7808    0.9439    0.9537     0.516   0.03258   0.01947 0.0003579
   176/249     4.16G   0.02442   0.03164  0.002292   0.05835        64       416    0.8511    0.9382    0.9556    0.5333    0.0307   0.02007 0.0003075
   177/249     4.16G   0.02424     0.031    0.0018   0.05704        87       416    0.8712     0.968    0.9757     0.591   0.02836   0.01873 0.0001642
   178/249     4.16G   0.02425   0.03149  0.002052    0.0578        77       416    0.8267    0.9645    0.9751    0.5379   0.03083   0.01915 0.0001535
   179/249     4.16G   0.02353   0.03102   0.00168   0.05623        77       416    0.7711    0.9588    0.9585    0.5197   0.03055   0.01827 0.0001461
   180/249     4.16G   0.02406    0.0316  0.002151   0.05781        83       416    0.8248    0.9719     0.975    0.5456   0.02862   0.01872 0.0001576
   181/249     4.16G   0.02419   0.03063  0.001657   0.05647        60       416     0.826    0.9645    0.9722     0.562   0.02865   0.01867 0.0001926
   182/249     4.16G   0.02375   0.03095    0.0016    0.0563        68       416    0.8062    0.9421    0.9446    0.5726    0.0288    0.0188 0.0001424
   183/249     4.16G   0.02301   0.03034  0.001496   0.05485        73       416    0.8036    0.9567     0.963     0.539   0.02986   0.01937 0.0001643
   184/249     4.16G   0.02427   0.03127  0.001612   0.05715        79       416    0.7979    0.9662    0.9744    0.5545   0.02833   0.01954 0.0001192
   185/249     4.16G   0.02318   0.03034  0.002273   0.05579        69       416    0.8434    0.9662    0.9719    0.5644    0.0282   0.02066 0.0001925
   186/249     4.16G   0.02342   0.03052  0.001527   0.05547        70       416    0.8132    0.9495    0.9586    0.5281   0.03009   0.01858 0.0001498
   187/249     4.16G   0.02327   0.03048  0.001479   0.05522        69       416    0.8373    0.9513    0.9508    0.5208   0.03099    0.0187 0.0001548
   188/249     4.16G   0.02318   0.03017  0.001589   0.05494        80       416    0.8273    0.9676    0.9623    0.5432    0.0294    0.0194 0.0001766
   189/249     4.16G   0.02347   0.03032  0.001737   0.05552        76       416    0.7767    0.9645    0.9742    0.5765   0.02739   0.01914 0.0001283
   190/249     4.16G   0.02333    0.0303   0.00163   0.05526        82       416    0.8389    0.9719    0.9792    0.5646    0.0281    0.0182  0.000151
   191/249     4.16G   0.02347   0.02953  0.001889   0.05489        77       416    0.8575    0.9588     0.961    0.5665   0.02771   0.01842 0.0001746
   192/249     4.16G   0.02274   0.03091   0.00174   0.05539        83       416    0.8201    0.9519    0.9642    0.5406   0.02941   0.01926 0.0001752
   193/249     4.16G   0.02304   0.02896  0.001601    0.0536        70       416    0.8433    0.9588    0.9658    0.5679   0.02769   0.01865 0.0001143
   194/249     4.16G   0.02296    0.0301  0.001425   0.05449        71       416    0.8811    0.9645    0.9708    0.5517   0.02853   0.01902 0.0001276
   195/249     4.16G   0.02244   0.02909  0.001468     0.053        75       416    0.8401    0.9869    0.9835    0.5858   0.02701   0.01882 0.0001637
   196/249     4.16G     0.023   0.03048  0.001924    0.0554        66       416    0.8045    0.9794     0.972    0.5815   0.02698   0.01835 0.0002434
   197/249     4.16G   0.02368   0.02962   0.00198   0.05528        65       416    0.7981    0.9645    0.9629     0.579   0.02737   0.01905 0.0001694
   198/249     4.16G   0.02278   0.02925  0.001714   0.05374        73       416    0.8531    0.9719     0.975    0.5849    0.0275   0.01884 0.0001183
   199/249     4.16G   0.02211   0.02988  0.001531   0.05352        67       416    0.8199    0.9719    0.9747    0.5755   0.02812   0.01807 0.0001282
   200/249     4.16G   0.02262   0.03017   0.00175   0.05454        78       416    0.7967    0.9794    0.9767    0.5808   0.02848   0.01799 0.0001102
   201/249     4.16G   0.02333   0.02879   0.00165   0.05377        61       416    0.8264    0.9588    0.9688     0.565   0.02827   0.01845 0.0001146
   202/249     4.16G   0.02306   0.02986  0.001636   0.05456        89       416    0.8639    0.9719     0.969     0.591    0.0274   0.01838 0.0001383
   203/249     4.16G   0.02277   0.02994  0.001569   0.05427        61       416    0.8659    0.9686    0.9802     0.591    0.0274   0.01831 0.0001993
   204/249     4.16G   0.02303   0.02962  0.001508   0.05415        91       416    0.8296    0.9737    0.9777    0.5858   0.02823    0.0186 0.0001641
   205/249     4.16G   0.02227   0.02909  0.001508   0.05287        76       416    0.8265    0.9794    0.9796    0.5847   0.02749   0.01833 0.0001525
   206/249     4.16G   0.02225   0.02878  0.001398   0.05242        71       416    0.8524    0.9794    0.9816    0.5666   0.02795   0.01843 0.0003124
   207/249     4.16G   0.02252   0.02996  0.001676   0.05416        77       416    0.8102    0.9662    0.9763    0.5711   0.02802   0.01787 0.0003747
   208/249     4.16G    0.0226   0.02973  0.001589   0.05392        74       416    0.8548     0.968    0.9738     0.565   0.02808   0.01807 0.0001868
   209/249     4.16G   0.02244   0.03054  0.001351   0.05433        76       416    0.8604    0.9645    0.9693    0.5635   0.02975   0.01786  0.000169
   210/249     4.16G   0.02172    0.0291  0.001281    0.0521        78       416    0.8554     0.957    0.9719    0.5535    0.0302   0.01804 0.0002205
   211/249     4.16G   0.02216   0.02911  0.001238   0.05251        73       416    0.8739    0.9645    0.9719    0.5747   0.03011   0.01816 0.0002893
   212/249     4.16G   0.02209   0.02896  0.001612   0.05266        64       416    0.8381    0.9495    0.9612    0.5699   0.02969   0.01804 0.0001703
   213/249     4.16G   0.02192   0.02873  0.001503   0.05216        69       416     0.851    0.9662    0.9759    0.5756   0.02842   0.01853 0.0001911
   214/249     4.16G   0.02208   0.02863  0.001592    0.0523        72       416    0.8719    0.9588    0.9729    0.5908   0.02781   0.01888 0.0002261
   215/249     4.16G   0.02208   0.02899  0.001359   0.05243        68       416     0.908    0.9755    0.9834    0.5839   0.02709   0.01923 0.0001658
   216/249     4.16G   0.02166   0.02817  0.001495   0.05132        65       416    0.9274    0.9645     0.979    0.5949   0.02665   0.01847 0.0002956
   217/249     4.16G   0.02177   0.02923  0.001183   0.05218        92       416    0.8523    0.9662    0.9736     0.595   0.02735   0.01903 0.0001881
   218/249     4.16G   0.02162   0.02816  0.001572   0.05135        67       416    0.8283    0.9794      0.98    0.5941   0.02839   0.01847 0.0001567
   219/249     4.16G   0.02208   0.02835  0.001538   0.05198        85       416    0.8382    0.9737    0.9749    0.5895    0.0279   0.01848 0.0001856
   220/249     4.16G   0.02182   0.02863  0.001454   0.05191        89       416    0.8489    0.9737    0.9719    0.5973   0.02714   0.01881 0.0002249
   221/249     4.16G   0.02139   0.02842  0.001135   0.05094        71       416    0.8712    0.9645    0.9759    0.5695   0.02833    0.0189 0.0002667
   222/249     4.16G   0.02132   0.02763  0.001406   0.05036        76       416    0.8676    0.9456    0.9598    0.5562   0.02868   0.01859 0.0001394
   223/249     4.16G   0.02141   0.02864  0.001581   0.05163        78       416     0.881    0.9463    0.9548     0.573   0.02746   0.01854 0.0001059
   224/249     4.16G   0.02182   0.02829  0.001571   0.05168        79       416    0.9009    0.9645    0.9723    0.5773    0.0274   0.01906 0.0001162
   225/249     4.16G   0.02235   0.02876  0.001679   0.05278        85       416    0.8736    0.9794     0.979    0.5777    0.0286   0.01856 0.0001095
   226/249     4.16G   0.02152   0.02753  0.001386   0.05043        75       416    0.8461    0.9869    0.9897    0.5799   0.02775   0.01842 9.952e-05
   227/249     4.16G   0.02175   0.02829  0.001498   0.05154        74       416    0.8459    0.9869    0.9887    0.6043    0.0257   0.01868 7.391e-05
   228/249     4.16G    0.0211   0.02815  0.001058    0.0503        76       416    0.8531    0.9793    0.9823    0.5862   0.02577    0.0185 8.082e-05
   229/249     4.16G   0.02087   0.02783  0.001353   0.05005        78       416    0.8689    0.9662    0.9752    0.5693   0.02759   0.01882 0.0001037
   230/249     4.16G    0.0216   0.02818  0.001147   0.05093        78       416    0.8268    0.9645    0.9701    0.5489   0.02889   0.01909 0.0001557
   231/249     4.16G   0.02207   0.02839  0.001776   0.05224        50       416    0.8228     0.957    0.9671    0.5739   0.02826    0.0188 0.0002123
   232/249     4.16G   0.02126   0.02859  0.001598   0.05144        84       416    0.8579    0.9645    0.9714    0.5804   0.02739   0.01879 0.0002014
   233/249     4.16G   0.02197   0.02822  0.002078   0.05227        74       416    0.8436    0.9632    0.9702     0.596   0.02669   0.01864 0.0001186
   234/249     4.16G   0.02137    0.0278  0.001405   0.05057        70       416    0.8503    0.9678    0.9798    0.5835   0.02726   0.01904 0.0001265
   235/249     4.16G   0.02112   0.02782  0.001323   0.05026        73       416     0.845    0.9719    0.9767    0.5743   0.02828   0.01906 0.0001122
   236/249     4.16G   0.02177   0.02831  0.001624    0.0517        70       416     0.833    0.9513    0.9551    0.5382   0.02886   0.01979 0.0001321
   237/249     4.16G    0.0208   0.02834  0.001326   0.05046        75       416    0.8493    0.9513    0.9679    0.5619   0.02869   0.01941 0.0002502
   238/249     4.16G   0.02124   0.02807  0.001261   0.05058        83       416    0.8482    0.9737    0.9769    0.5756   0.02717    0.0194 0.0001487
   239/249     4.16G   0.02124   0.02733  0.001616   0.05019        58       416    0.8755    0.9719    0.9794    0.5921   0.02715   0.01915 0.0001296
   240/249     4.16G    0.0214   0.02774  0.001451   0.05059        68       416    0.8613    0.9869    0.9874    0.5914    0.0273   0.01884 0.0001347
   241/249     4.16G   0.02114   0.02844    0.0015   0.05108        79       416     0.848    0.9737    0.9754    0.5919     0.027   0.01866 0.0001442
   242/249     4.16G   0.02093   0.02781  0.001529   0.05027        67       416    0.8674    0.9662    0.9753    0.5702   0.02801   0.01892 0.0001089
   243/249     4.16G   0.02097   0.02774   0.00154   0.05025        75       416    0.8434    0.9599    0.9743    0.5799   0.02806   0.01924 9.644e-05
   244/249     4.16G   0.02059   0.02732   0.00137   0.04928        68       416    0.8148    0.9519    0.9607    0.5919   0.02729   0.01878 0.0001076
   245/249     4.16G   0.02096   0.02857  0.001535   0.05106        70       416    0.8357    0.9513    0.9599    0.5895   0.02685    0.0188 0.0002103
   246/249     4.16G   0.02073   0.02825  0.001184   0.05016        79       416    0.8486    0.9662    0.9786    0.5847   0.02723   0.01879 0.0002936
   247/249     4.16G   0.02082   0.02775  0.001402   0.04997        85       416     0.791    0.9719    0.9682    0.5676   0.02877   0.01922 0.0001999
   248/249     4.16G   0.02058   0.02784  0.002006   0.05043        71       416    0.8386    0.9645    0.9736      0.57   0.02821   0.01942 0.0002217
   249/249     4.16G   0.02115   0.02725  0.001374   0.04977        65       416    0.8534    0.9606    0.9835    0.5856    0.0275   0.01925 0.0001471
